%YAML:1.0

#--------------------------------------------------------------------------------------------
# Camera Parameters. Adjust them!
#--------------------------------------------------------------------------------------------
#data_path: "/media/lab/DiskDocuments/Data/pics/DJI47_long/960X540"
## dji 960 540
#cam_fx: 670.598859798134
#cam_fy: 671.530674182169
#cam_cx: 481.527318331448
#cam_cy: 272.191272193949
#
#d0: 0.0124895471802617
#d1: -0.0401120223191336
#d2: -0.000683861165614488
#d3: 0.00149720377396837
#d4: 0.0429412541158549
#
#cam_width: 960
#cam_height: 540


# dji 768 432
#data_path: "/media/lab/DiskDocuments/Data/pics/DJI_long3/768x432"
image_input_topic: "/dji_data/image_raw"  #输入

image_pub_topic: "/dji_data/image_rect"  #输出
pose_pub_topic: "/svo_mono/pose"
cam_fx: 472.207450973341
cam_fy: 473.842590357607
cam_cx: 313.151755768808
cam_cy: 178.408929629817

d0: -0.0481841074584956
d1: 0.241124715938592
d2: -0.00098149546449882
d3: -0.00137883196058885
d4: -0.326525252407649

cam_width: 640
cam_height: 360

downsample_factor: 1
# Camera frames per second 
