%YAML:1.0

#--------------------------------------------------------------------------------------------
# Camera Parameters. Adjust them!
#--------------------------------------------------------------------------------------------
data_path: "/media/lab/S_disk/data/euroc/MH01/mav0/cam0/data"

#todo this is init parameters--------------------------------------mode2

cam_fx: 4.6115862106007575e+02
cam_fy: 4.5975286598073296e+02
cam_cx: 3.6265929181685937e+02
cam_cy: 2.4852105668448124e+02

d0: -2.9545645106987750e-01
d1: 8.6623215640186171e-02
d2: 2.0132892276082517e-06
d3: 1.3924531371276508e-05
d4: 0.0

cam_width: 752
cam_height: 480
downsample_factor: 1

#todo this is init parameters--------------------------------------mode1
#LEFT.height: 480
#LEFT.width: 752
##内参
#LEFT.K: !!opencv-matrix
#  rows: 3
#  cols: 3
#  dt: d
#  data: [458.654, 0.0, 367.215,
#         0.0, 457.296, 248.375,
#         0.0, 0.0, 1.0]
#
##畸变参数
#LEFT.D: !!opencv-matrix
#  rows: 1
#  cols: 5
#  dt: d
#  data: [-0.28340811, 0.07395907, 0.00019359, 1.76187114e-05, 0.0]
#
#LEFT.R:  !!opencv-matrix
#  rows: 3
#  cols: 3
#  dt: d
#  data: [    0.999966347530033, -0.001422739138722922, 0.008079580483432283,
#          0.001365741834644127,    0.9999741760894847, 0.007055629199258132,
#         -0.008089410156878961, -0.007044357138835809,   0.9999424675829176]
#
#LEFT.P:  !!opencv-matrix
#  rows: 3
#  cols: 4
#  dt: d
#  data: [435.2046959714599,    0,    367.4517211914062,
#                         0,    0,    435.2046959714599,
#         252.2008514404297,    0,                    0,
#                         0,    1,                    0]