%YAML:1.0

#--------------------------------------------------------------------------------------------
# Camera Parameters. Adjust them!
#--------------------------------------------------------------------------------------------
#data_path: "/media/lab/DiskDocuments/Data/pics/DJI47_long/960X540"
## dji 960 540
#cam_fx: 670.598859798134
#cam_fy: 671.530674182169
#cam_cx: 481.527318331448
#cam_cy: 272.191272193949
#
#d0: 0.0124895471802617
#d1: -0.0401120223191336
#d2: -0.000683861165614488
#d3: 0.00149720377396837
#d4: 0.0429412541158549
#
#cam_width: 960
#cam_height: 540


# dji 768 432
data_path: "/media/lab/DiskDocuments/Data/pics/DJI_long3/768x432"
cam_fx: 537.210440680085
cam_fy: 538.06858705306
cam_cx: 385.668101634721
cam_cy: 217.56531220143

d0: 0.0167283856029527
d1: -0.0489134846557019
d2: -0.000837670491447228
d3: 0.00184608847842459
d4: 0.0438925745834179

cam_width: 768
cam_height: 432

downsample_factor: 1
# Camera frames per second 
